# Probe 0 (100.595 86.3716 2)
# Probe 1 (119.398 86.1579 2)
# Time          0               1              
0               293.15          293.15         
3600            299.34092       295.37961      
3600            301.03114       301.48191      
3600            300.54858       294.70469      
3600            290.04114       289.38535      
3600            289.26944       289.08706      
3600            289.7311        288.99396      
3600            290.29167       289.17113      
3600            290.58755       288.5463       
3600            289.64428       288.76144      
3600            290.32545       289.04719      
3600            290.9041        289.44383      
3600            291.04017       289.76394      
3600            290.95535       290.28898      
3600            290.90756       290.95649      
3600            290.91805       291.49599      
3600            291.21053       291.88968      
3600            291.10818       291.64418      
3600            291.30986       290.45656      
3600            291.65959       290.02709      
3600            291.74          289.92628      
3600            291.51488       289.66134      
3600            291.41711       289.45905      
3600            291.48385       289.53395      
3600            291.59716       289.72302      
3600            291.65019       289.7865       
3600            291.61455       289.7798       
3600            291.48073       289.77292      
3600            291.22927       289.77189      
3600            290.92024       289.7675       
3600            290.67918       289.77234      
3600            290.55089       289.78142      
3600            290.51437       289.79023      
3600            290.52006       289.77953      
3600            290.48687       289.70664      
3600            290.35147       289.5896       
3600            290.1408        289.49378      
3600            289.94213       289.44601      
3600            289.82954       289.44263      
3600            289.79565       289.43078      
3600            289.80896       289.41925      
3600            289.85183       289.41001      
3600            289.90152       289.40974      
3600            289.94485       289.43093      
3600            289.98912       289.48782      
3600            290.04877       289.55838      
3600            290.09107       289.57633      
3600            290.07948       289.54841      
3600            290.07693       289.5526       
3600            290.16597       289.61802      
3600            290.32621       289.70435      
3600            290.40695       289.73737      
3600            290.35464       289.69568      
3600            290.25248       289.63557      
3600            290.19489       289.62039      
3600            290.24441       289.67531      
3600            290.33197       289.75698      
3600            290.35128       289.78716      
3600            290.28608       289.74711      
3600            290.19684       289.70774      
3600            290.18216       289.72919      
3600            290.26622       289.78149      
3600            290.34359       289.8138       
3600            290.33548       289.80997      
3600            290.2825        289.78528      
3600            290.26281       289.78197      
3600            290.31128       289.80791      
3600            290.35775       289.82343      
3600            290.33819       289.80875      
3600            290.26691       289.77137      
3600            290.23363       289.76348      
3600            290.28264       289.79223      
3600            290.35263       289.81133      
3600            290.35482       289.80292      
3600            290.28342       289.76642      
3600            290.21412       289.74936      
3600            290.22846       289.77251      
3600            290.30003       289.7942       
3600            290.33228       289.79568      
3600            290.28454       289.76995      
3600            290.21548       289.7485       
3600            290.21441       289.76373      
3600            290.28062       289.78642      
3600            290.32298       289.79455      
3600            290.28835       289.77288      
3600            290.22115       289.74569      
3600            290.20655       289.75532      
3600            290.27143       289.77818      
3600            290.33432       289.78993      
3600            290.32303       289.77666      
3600            290.26331       289.7497       
3600            290.23441       289.75181      
3600            290.28209       289.77213      
3600            290.34764       289.78619      
3600            290.34779       289.77897      
3600            290.29002       289.75249      
3600            290.25006       289.74832      
3600            290.28567       289.76671      
3600            290.35361       289.78248      
3600            290.36579       289.78036      
3600            290.31198       289.75523      
7200            288.79721       287.62248      
7200            287.70035       286.93058      
7200            287.32442       286.7495       
7200            287.23199       286.72082      
7200            287.20908       286.7394       
7200            287.19656       286.75902      
7200            287.21611       286.77375      
7200            287.2187        286.78215      
7200            287.17658       286.77701      
7200            287.10039       286.75499      
7200            287.02932       286.73622      
7200            287.01222       286.7436       
7200            287.04357       286.75852      
7200            287.05637       286.75396      
7200            287.02533       286.72999      
7200            286.98598       286.70988      
7200            286.9782        286.7123       
7200            287.00264       286.72462      
7200            287.02162       286.72324      
7200            287.00658       286.70404      
7200            286.97794       286.68929      
7200            286.9757        286.69584      
7200            286.99919       286.71046      
7200            287.01421       286.71144      
7200            286.99868       286.69525      
7200            286.97508       286.68388      
7200            286.97696       286.69256      
7200            287.00056       286.70734      
7200            287.0124        286.70731      
7200            286.99444       286.69141      
7200            286.97382       286.68232      
7200            286.98039       286.69265      
7200            287.00488       286.70717      
7200            287.01317       286.70576      
7200            286.99214       286.6895       
7200            286.97233       286.68183      
7200            286.98087       286.69324      
7200            287.00524       286.70692      
7200            287.01168       286.70401      
7200            286.98998       286.68791      
7200            286.9717        286.68213      
7200            286.98207       286.69468      
7200            287.00622       286.70736      
7200            287.01031       286.70261      
7200            286.98754       286.68641      
7200            286.97118       286.68241      
7200            286.98395       286.69593      
7200            287.00771       286.70758      
7200            287.00908       286.70112      
7200            286.98524       286.6851       
7200            286.97111       286.683        
7200            286.98603       286.6974       
7200            287.00893       286.70782      
7200            287.00749       286.69966      
7200            286.98327       286.68404      
7200            286.97182       286.68386      
7200            286.98891       286.69893      
7200            287.01057       286.70798      
7200            287.00577       286.6982       
7200            286.98077       286.68312      
7200            286.97192       286.68482      
7200            286.99096       286.70032      
7200            287.01141       286.70783      
7200            287.00399       286.69659      
7200            286.97912       286.68238      
7200            286.97294       286.68597      
7200            286.99344       286.7017       
7200            287.01203       286.70756      
7200            287.00155       286.69496      
7200            286.97693       286.68175      
7200            286.97367       286.68716      
7200            286.99583       286.70291      
7200            287.01265       286.70707      
7200            286.99953       286.69336      
7200            286.97549       286.68142      
7200            286.97504       286.6886       
7200            286.99804       286.70411      
7200            287.01247       286.7064       
7200            286.99697       286.6917       
7200            286.97418       286.68118      
7200            286.97677       286.69001      
7200            287.00066       286.70514      
7200            287.01261       286.70563      
7200            286.99449       286.69019      
7200            286.97282       286.68122      
7200            286.97819       286.69155      
7200            287.0025        286.70603      
7200            287.01197       286.70459      
7200            286.99224       286.68865      
7200            286.97233       286.68141      
7200            286.98039       286.69313      
7200            287.00469       286.7068       
7200            287.01118       286.70349      
7200            286.98939       286.68723      
7200            286.97132       286.68178      
7200            286.98216       286.69468      
7200            287.00652       286.70736      
7200            287.01031       286.7022       
7200            286.98727       286.68593      
7200            286.97131       286.68241      
10800           286.41276       286.03329      
10800           286.05342       285.74095      
10800           285.88799       285.64601      
10800           285.82999       285.6206       
10800           285.82245       285.62814      
10800           285.84316       285.64466      
10800           285.85748       285.65086      
10800           285.84507       285.64257      
10800           285.8232        285.62949      
10800           285.81152       285.62548      
10800           285.81728       285.63138      
10800           285.82749       285.63618      
10800           285.82601       285.63193      
10800           285.81414       285.62481      
10800           285.80854       285.62541      
10800           285.81692       285.63282      
10800           285.82832       285.63599      
10800           285.82698       285.62991      
10800           285.81478       285.62319      
10800           285.80986       285.62522      
10800           285.81821       285.63213      
10800           285.82676       285.63321      
10800           285.82248       285.62636      
10800           285.81196       285.6216       
10800           285.81107       285.6258       
10800           285.82086       285.63253      
10800           285.82686       285.63198      
10800           285.81992       285.62477      
10800           285.81079       285.62186      
10800           285.81315       285.62737      
10800           285.82348       285.63311      
10800           285.82647       285.6306       
10800           285.81712       285.62339      
10800           285.8096        285.62234      
10800           285.8147        285.62864      
10800           285.82495       285.63303      
10800           285.82526       285.6289       
10800           285.81501       285.62241      
10800           285.80987       285.62339      
10800           285.81712       285.63007      
10800           285.82589       285.6327       
10800           285.82316       285.62714      
10800           285.81272       285.62172      
10800           285.81024       285.62446      
10800           285.81912       285.63104      
10800           285.82632       285.63193      
10800           285.82115       285.62554      
10800           285.81149       285.6216       
10800           285.81181       285.62585      
10800           285.82134       285.63183      
10800           285.82609       285.63083      
10800           285.81858       285.62403      
10800           285.81014       285.62173      
10800           285.81304       285.62704      
10800           285.82287       285.63214      
10800           285.82536       285.6295       
10800           285.81655       285.62291      
10800           285.81008       285.62241      
10800           285.81525       285.62842      
10800           285.82442       285.63222      
10800           285.82396       285.628        
10800           285.81422       285.622        
10800           285.80986       285.62315      
10800           285.81686       285.62941      
10800           285.82512       285.63178      
10800           285.82231       285.62649      
10800           285.81274       285.62157      
10800           285.81092       285.62429      
10800           285.81916       285.6304       
10800           285.82556       285.63111      
10800           285.8202        285.62501      
10800           285.81113       285.62136      
10800           285.81162       285.62529      
10800           285.82063       285.6309       
10800           285.82521       285.63004      
10800           285.81827       285.62374      
10800           285.81061       285.62162      
10800           285.81343       285.62652      
10800           285.82245       285.6313       
10800           285.8245        285.62885      
10800           285.8161        285.62264      
10800           285.80993       285.62199      
10800           285.81463       285.62744      
10800           285.82332       285.63118      
10800           285.82326       285.62748      
10800           285.81447       285.62188      
10800           285.81041       285.62274      
10800           285.8167        285.62847      
10800           285.8243        285.63092      
10800           285.82173       285.62613      
10800           285.81271       285.62133      
10800           285.81056       285.62343      
10800           285.81795       285.62908      
10800           285.82434       285.63021      
10800           285.82005       285.62481      
10800           285.81178       285.62117      
10800           285.8118        285.62439      
10800           285.81983       285.62972      
10800           285.82434       285.6294       
10800           285.8182        285.62363      
14400           285.55652       285.33624      
14400           285.40477       285.2235       
14400           285.34627       285.1926       
14400           285.33111       285.18458      
14400           285.32364       285.18148      
14400           285.32067       285.18201      
14400           285.3232        285.18473      
14400           285.32615       285.18616      
