# Probe 0 (100.595 86.3716 2)
# Probe 1 (119.398 86.1579 2)
# Time          0               1              
0               (5 0 0)         (5 0 0)        
3600            (1.4717686 3.2147654 -0.42540472) (0.16318709 5.0893909 -0.10052064)
3600            (-3.5423426 -2.9808281 0.73828049) (-8.0320187 -3.6837653 1.0316118)
3600            (-2.5938565 2.1673229 -1.1476835) (-2.4411438 2.1606955 -0.75194073)
3600            (-7.2264483 3.5638654 -2.8066428) (-18.111043 1.4863481 0.42649418)
3600            (-16.251403 1.760296 0.23330036) (-12.162891 -0.95411349 0.076482884)
3600            (-7.3540446 0.73545886 -1.2964669) (-1.97368 -8.0483759 -2.5244474)
3600            (-0.71885542 1.9054222 0.17575961) (-1.6606879 -3.6309496 2.7556222)
3600            (-1.0761393 -2.6497867 1.7330595) (-8.1523115 -3.1839081 1.4689696)
3600            (-2.4669223 -2.9452062 0.26582127) (-9.5415946 -1.4313817 0.96875439)
3600            (-2.5157247 -2.8208479 -0.48125376) (-6.7552677 -0.61427893 -0.40665968)
3600            (-2.7221294 -2.5508128 -0.41820083) (-5.4807048 -0.8245361 -0.30154847)
3600            (-2.7247675 -2.7784487 -0.0021555682) (-4.3534 -1.0477819 -0.0098396782)
3600            (-2.7818127 -2.4528167 0.13903843) (-3.1307096 -1.1045976 0.28886968)
3600            (-2.2421644 -1.8518674 0.077403585) (-1.8729077 -1.1393215 0.53464148)
3600            (-1.3916591 -0.84592646 0.076170634) (-1.050777 -1.0410996 0.62188553)
3600            (-0.60332539 0.85415766 0.090096319) (-0.704175 -0.58015188 0.62969123)
3600            (-0.11228845 1.3843999 -0.39941036) (-0.83162008 0.12170249 0.46879364)
3600            (-0.36356187 1.0579705 -0.3017402) (-1.6321769 0.92636178 0.31741349)
3600            (-0.67584697 0.60247069 -0.09457814) (-1.9224219 1.7310514 0.27420224)
3600            (-0.87794731 0.21390414 0.078462542) (-1.4100873 2.2157647 0.29814745)
3600            (-0.96806132 -0.15451767 0.19336577) (-1.0452834 2.4295701 0.31279768)
3600            (-1.0138585 -0.49573711 0.23110309) (-0.954149 2.4460628 0.18411701)
3600            (-1.0168598 -0.66029045 0.1825612) (-0.90539227 2.2870953 0.10159737)
3600            (-0.96731472 -0.62379874 0.11785002) (-0.99498144 2.1670618 0.12171591)
3600            (-0.94631225 -0.50604182 0.096213673) (-1.2037922 2.1250958 0.15758976)
3600            (-1.0229127 -0.45667567 0.11413663) (-1.4515166 2.1522457 0.17555723)
3600            (-1.219152 -0.51093223 0.13446117) (-1.6739883 2.1957065 0.18524746)
3600            (-1.4904579 -0.5713965 0.12902499) (-1.8902919 2.2460503 0.18897492)
3600            (-1.73252 -0.57429626 0.10616217) (-2.1293654 2.3092161 0.17776899)
3600            (-1.878408 -0.53286419 0.082755431) (-2.3288522 2.3436436 0.16423715)
3600            (-1.9228768 -0.46701223 0.07074139) (-2.4600986 2.3556617 0.15861975)
3600            (-1.9045193 -0.40685608 0.072866484) (-2.541136 2.3704996 0.16389932)
3600            (-1.9053654 -0.3923224 0.079019831) (-2.6348603 2.3624871 0.17034716)
3600            (-1.9703838 -0.41528773 0.078900073) (-2.7949091 2.1988042 0.15787187)
3600            (-2.0933744 -0.44579704 0.075654794) (-3.0213919 1.8931898 0.11874051)
3600            (-2.2545653 -0.49920583 0.072413052) (-3.2568514 1.6152162 0.092230117)
3600            (-2.4018936 -0.60526852 0.068628247) (-3.4685418 1.4110642 0.10116614)
3600            (-2.4790927 -0.73839368 0.067207076) (-3.6058939 1.2984424 0.14703717)
3600            (-2.5051468 -0.85611267 0.068085691) (-3.6189517 1.2888282 0.20958823)
3600            (-2.5246716 -0.95179539 0.066706858) (-3.516492 1.3531376 0.26140493)
3600            (-2.5491516 -1.0247042 0.064195262) (-3.3899042 1.4395947 0.28646487)
3600            (-2.5781454 -1.0615076 0.065009925) (-3.3081245 1.4811251 0.29123499)
3600            (-2.6096059 -1.0550689 0.069395252) (-3.2790323 1.4808485 0.28597783)
3600            (-2.6457723 -1.0238529 0.072016116) (-3.1722034 1.4843855 0.27930167)
3600            (-2.6812045 -1.0007583 0.072424275) (-2.9167331 1.4901411 0.28015866)
3600            (-2.6875305 -0.99538496 0.072477029) (-2.6903536 1.5073624 0.28543782)
3600            (-2.6413669 -0.99492727 0.06608233) (-2.6786057 1.5743865 0.29651548)
3600            (-2.5636878 -0.98886005 0.051447443) (-2.7310989 1.6763973 0.31798786)
3600            (-2.4874 -0.95779996 0.036352328) (-2.619915 1.7171658 0.33795913)
3600            (-2.4177025 -0.90920684 0.028170603) (-2.4016947 1.653862 0.35321351)
3600            (-2.3476265 -0.8785804 0.029291591) (-2.33017 1.5667521 0.34131702)
3600            (-2.2950753 -0.8600411 0.040132419) (-2.4905767 1.5480945 0.3104246)
3600            (-2.308658 -0.86183721 0.053199157) (-2.709775 1.5996851 0.29480795)
3600            (-2.3498864 -0.86406109 0.062645852) (-2.7728678 1.6618683 0.30802636)
3600            (-2.3466695 -0.86754507 0.081222751) (-2.5942923 1.6902863 0.34708886)
3600            (-2.3775101 -0.95715813 0.078533915) (-2.3283778 1.6678436 0.37808644)
3600            (-2.417725 -1.0480203 0.054323282) (-2.2346777 1.6293553 0.37886134)
3600            (-2.4353538 -1.0823459 0.043428385) (-2.3237679 1.6408583 0.37764947)
3600            (-2.4516742 -1.1146098 0.045442953) (-2.3777978 1.7233597 0.40246844)
3600            (-2.4506586 -1.1532936 0.054518561) (-2.1900844 1.8288216 0.45374161)
3600            (-2.4554085 -1.2286226 0.047402641) (-1.9055861 1.8901474 0.5008973)
3600            (-2.4315912 -1.2878883 0.026552685) (-1.7752178 1.8830704 0.51834108)
3600            (-2.3951486 -1.3089454 0.026024288) (-1.7905527 1.8275634 0.51106399)
3600            (-2.3987825 -1.3323039 0.036558847) (-1.8673055 1.797695 0.49790424)
3600            (-2.413122 -1.3392575 0.048810229) (-1.8882455 1.8440606 0.50261817)
3600            (-2.4238734 -1.3584738 0.052866669) (-1.8090423 1.910388 0.51819995)
3600            (-2.4262001 -1.3871758 0.034422434) (-1.7628508 1.922676 0.52268849)
3600            (-2.4018352 -1.3796 0.025337167) (-1.810104 1.8552605 0.51008121)
3600            (-2.4196094 -1.3892411 0.027413862) (-1.9255351 1.8034223 0.49396072)
3600            (-2.4694728 -1.4065821 0.029668554) (-1.9676024 1.8514668 0.5069935)
3600            (-2.5259961 -1.4538215 0.03116909) (-1.856717 1.9385359 0.53767077)
3600            (-2.5729242 -1.5435697 0.022172707) (-1.7613632 1.9889353 0.55446015)
3600            (-2.5717359 -1.6294847 0.021940837) (-1.768712 1.9419987 0.54928295)
3600            (-2.564012 -1.7121333 0.032679646) (-1.858129 1.8668525 0.53068278)
3600            (-2.5827708 -1.7547914 0.038493633) (-1.9135661 1.9047576 0.53727026)
3600            (-2.6018481 -1.7475314 0.024613213) (-1.8236591 2.0114025 0.56645788)
3600            (-2.6004139 -1.7339514 -0.012780752) (-1.7316951 2.0868467 0.58272065)
3600            (-2.5364543 -1.7285176 -0.031632724) (-1.7227411 2.0479864 0.57910645)
3600            (-2.4711669 -1.7500536 -0.024413541) (-1.7853813 1.9429646 0.55838368)
3600            (-2.4560866 -1.7681751 -0.012574116) (-1.851695 1.944371 0.55375151)
3600            (-2.4741675 -1.7416779 -0.017607908) (-1.7995623 2.0399198 0.57556371)
3600            (-2.4969743 -1.7207309 -0.045409903) (-1.7235392 2.1091229 0.58947935)
3600            (-2.4603368 -1.7209816 -0.056092085) (-1.7156502 2.0658069 0.58645001)
3600            (-2.4112797 -1.7564597 -0.037834753) (-1.7772436 1.9557151 0.56824167)
3600            (-2.408791 -1.7964955 -0.015014044) (-1.8529455 1.9498879 0.56380078)
3600            (-2.4382955 -1.7878608 -0.014788098) (-1.8072715 2.0522615 0.58705502)
3600            (-2.4699306 -1.7748631 -0.042802014) (-1.7177625 2.1406851 0.60329685)
3600            (-2.4373944 -1.7743529 -0.056196505) (-1.6956896 2.125862 0.60475428)
3600            (-2.376523 -1.7964256 -0.033981342) (-1.7350352 2.0221773 0.59217437)
3600            (-2.3613934 -1.8334428 -0.0031563841) (-1.8028716 1.9865763 0.58324015)
3600            (-2.3866734 -1.8330143 0.0013013749) (-1.785278 2.0713706 0.59890984)
3600            (-2.4274117 -1.818165 -0.030009577) (-1.7107154 2.16565 0.61301501)
3600            (-2.4102791 -1.8067417 -0.053024648) (-1.68561 2.1682615 0.61581167)
3600            (-2.351764 -1.8132062 -0.034243069) (-1.7142106 2.0724531 0.60706335)
3600            (-2.3320916 -1.8478867 2.6891496e-05) (-1.776937 2.0154158 0.5962054)
3600            (-2.3562892 -1.8548721 0.009400161) (-1.776718 2.0842312 0.60698309)
3600            (-2.3979609 -1.8409919 -0.017947244) (-1.7082244 2.1828621 0.62014701)
3600            (-2.3936753 -1.8271572 -0.04840742) (-1.6780997 2.2045733 0.62389139)
3600            (-2.3363197 -1.8244595 -0.034945942) (-1.6978534 2.1212336 0.61900091)
3600            (-2.3092494 -1.8579797 0.0015790994) (-1.7550384 2.0474316 0.60796382)
7200            (-2.3518635 -1.8583417 0.021861052) (-1.7688704 2.1422459 0.61011764)
7200            (-2.4297911 -1.7547654 -0.030293367) (-1.7113711 2.222852 0.62762134)
7200            (-2.445497 -1.6776171 -0.075514216) (-1.6342152 2.0890302 0.61284102)
7200            (-2.4290282 -1.7152808 -0.065508181) (-1.6422312 1.8747894 0.56509365)
7200            (-2.4238943 -1.8319552 -0.028120901) (-1.6370908 1.8987224 0.55929108)
7200            (-2.4186255 -1.8181766 0.0054244125) (-1.5847127 1.9397178 0.56943202)
7200            (-2.3933793 -1.6662618 0.033257086) (-1.5696206 1.9204643 0.56373485)
7200            (-2.3696576 -1.5685358 0.048895447) (-1.6003023 1.881079 0.54306184)
7200            (-2.3765284 -1.5314076 0.044173049) (-1.6880095 1.7706625 0.51082976)
7200            (-2.4122504 -1.5045314 0.037472701) (-1.86102 1.6447533 0.46918626)
7200            (-2.4889862 -1.4602622 0.028916262) (-2.0538061 1.625622 0.44532347)
7200            (-2.5462156 -1.3723245 0.023312602) (-2.0724517 1.6668149 0.45348418)
7200            (-2.5720283 -1.3149563 0.017211758) (-1.9838754 1.6687183 0.45675311)
7200            (-2.571315 -1.3036285 0.013679045) (-2.009656 1.611705 0.43040265)
7200            (-2.5605473 -1.286172 0.025184035) (-2.1963861 1.5479696 0.38690677)
7200            (-2.5774742 -1.2266484 0.037425116) (-2.4105775 1.5516918 0.36032788)
7200            (-2.5987923 -1.1523551 0.042565161) (-2.4397722 1.5959726 0.36356227)
7200            (-2.6013338 -1.1239897 0.041244299) (-2.3092017 1.61197 0.37310391)
7200            (-2.5700486 -1.1232455 0.039392781) (-2.2596494 1.5691649 0.36164519)
7200            (-2.5282808 -1.1054036 0.046858602) (-2.40329 1.5186185 0.33273584)
7200            (-2.5256914 -1.0692997 0.05513454) (-2.5940828 1.5283789 0.31565512)
7200            (-2.5418958 -1.0318252 0.056463976) (-2.6080576 1.5641112 0.32269816)
7200            (-2.5428317 -1.0191944 0.051648274) (-2.4684352 1.5745211 0.33658245)
7200            (-2.5158967 -1.0226342 0.048273361) (-2.3962946 1.5439931 0.33491134)
7200            (-2.4845956 -1.0261739 0.052212611) (-2.4961449 1.5142719 0.31964971)
7200            (-2.4795961 -1.0193617 0.057562884) (-2.6273615 1.5307919 0.31333923)
7200            (-2.4890158 -1.0035188 0.059008938) (-2.6032217 1.5627355 0.32447566)
7200            (-2.496418 -0.99946017 0.052929973) (-2.4662767 1.5650724 0.3361194)
7200            (-2.482255 -1.0044001 0.048262716) (-2.420578 1.5308196 0.3311597)
7200            (-2.4636971 -1.0118878 0.052511427) (-2.5337783 1.509291 0.31603346)
7200            (-2.4640392 -1.0047932 0.058469625) (-2.6469664 1.5329868 0.31232406)
7200            (-2.4723251 -0.98712982 0.060796322) (-2.5942366 1.5654786 0.32536744)
7200            (-2.4814667 -0.98830782 0.054391012) (-2.4497437 1.5634331 0.33617297)
7200            (-2.4693051 -0.9998354 0.049377344) (-2.4208427 1.525222 0.3288897)
7200            (-2.4548413 -1.0105452 0.053477871) (-2.5505771 1.5060392 0.31283204)
7200            (-2.4594095 -1.0033605 0.058981079) (-2.6614599 1.5323215 0.31004513)
7200            (-2.4702937 -0.98686107 0.060866001) (-2.59794 1.5641409 0.32390511)
7200            (-2.4806556 -0.98969507 0.05439689) (-2.45303 1.5601548 0.3343758)
7200            (-2.4691763 -1.0006097 0.049854585) (-2.4331693 1.5222754 0.32671412)
7200            (-2.4577265 -1.0102723 0.05373414) (-2.5655271 1.5069196 0.31157253)
7200            (-2.4649933 -1.0036893 0.058645297) (-2.6641228 1.5354366 0.31049621)
7200            (-2.4774542 -0.99075016 0.059795909) (-2.5868066 1.5659317 0.32499875)
7200            (-2.4857903 -0.99496075 0.053458354) (-2.4452273 1.5584227 0.33430962)
7200            (-2.4716112 -1.0049824 0.0500361) (-2.4407494 1.5199558 0.32526515)
7200            (-2.4615481 -1.0138369 0.054182617) (-2.5790898 1.5086261 0.31054764)
7200            (-2.4699712 -1.0061932 0.058767568) (-2.6653293 1.5391604 0.31105013)
7200            (-2.4826334 -0.99271851 0.059465587) (-2.5750093 1.5673883 0.32596698)
7200            (-2.4887941 -0.99623451 0.053143383) (-2.4392517 1.5557854 0.33387062)
7200            (-2.4722188 -1.0044366 0.050767135) (-2.4511089 1.5172943 0.32352642)
7200            (-2.4632258 -1.0105041 0.055249654) (-2.5932813 1.5104704 0.30959727)
7200            (-2.4719171 -1.0009228 0.059378521) (-2.6647083 1.5425169 0.31182997)
7200            (-2.4844454 -0.99055817 0.058788628) (-2.5620599 1.5679176 0.32692926)
7200            (-2.4880663 -0.99664404 0.05202028) (-2.434312 1.5522404 0.33322425)
7200            (-2.4699822 -1.0063192 0.050637957) (-2.4627035 1.5145585 0.32175786)
7200            (-2.4626136 -1.0111896 0.055681839) (-2.6066619 1.5126458 0.30894777)
7200            (-2.4716905 -0.99807024 0.059975939) (-2.6613068 1.5461235 0.31310007)
7200            (-2.484429 -0.98787373 0.058818614) (-2.5461856 1.5685352 0.32834272)
7200            (-2.4859645 -0.9942641 0.051848599) (-2.4277234 1.5486373 0.33282999)
7200            (-2.4671734 -1.0034824 0.051138225) (-2.4734191 1.5117034 0.32002451)
7200            (-2.4618487 -1.0081562 0.05612117) (-2.6192087 1.514402 0.30813997)
7200            (-2.4713805 -0.99589428 0.059937088) (-2.6582108 1.5489484 0.31394714)
7200            (-2.4839326 -0.98871821 0.05794096) (-2.5333967 1.5682792 0.32914033)
7200            (-2.4835667 -0.99620897 0.051207532) (-2.4253427 1.5449221 0.33206012)
7200            (-2.4649287 -1.0052978 0.051510508) (-2.486212 1.5098251 0.31849712)
7200            (-2.4620871 -1.0071092 0.056753125) (-2.630162 1.5169981 0.30795165)
7200            (-2.4726289 -0.99263281 0.060374635) (-2.6516489 1.5521167 0.31542545)
7200            (-2.485364 -0.98789559 0.057486638) (-2.5183349 1.5679936 0.33027031)
7200            (-2.482397 -0.99632744 0.050823499) (-2.422741 1.5410939 0.33130434)
7200            (-2.4639024 -1.006123 0.051735275) (-2.4991847 1.5080618 0.31687401)
7200            (-2.4630926 -1.008522 0.056825762) (-2.6405558 1.5196573 0.30764712)
7200            (-2.4737164 -0.99437015 0.060194064) (-2.6449617 1.5550898 0.31670874)
7200            (-2.4859581 -0.98980618 0.056957435) (-2.5049717 1.5673674 0.33117665)
7200            (-2.4808841 -0.99726181 0.050825037) (-2.4222775 1.5374702 0.33055022)
7200            (-2.462905 -1.0056513 0.052532909) (-2.512229 1.507165 0.31560427)
7200            (-2.4637752 -1.0049892 0.05761966) (-2.6481239 1.522672 0.30783363)
7200            (-2.4748427 -0.99046846 0.060433432) (-2.6352745 1.5576501 0.31820078)
7200            (-2.4865778 -0.98939536 0.056012797) (-2.4916704 1.5659215 0.33181474)
7200            (-2.4787968 -0.99892096 0.050163945) (-2.4242762 1.53341 0.32933819)
7200            (-2.4615704 -1.0085479 0.05262971) (-2.527251 1.5065621 0.31411831)
7200            (-2.4641915 -1.0064089 0.057852062) (-2.6557529 1.526028 0.30807107)
7200            (-2.4756446 -0.99035325 0.060592273) (-2.6248178 1.5603763 0.31985671)
7200            (-2.487015 -0.98938272 0.055747267) (-2.4781507 1.5645488 0.33263904)
7200            (-2.4770967 -0.99774678 0.05042701) (-2.4261981 1.5296169 0.32832219)
7200            (-2.460995 -1.0064416 0.053365742) (-2.5409544 1.5062746 0.31284461)
7200            (-2.4649927 -1.0031392 0.058280723) (-2.6609927 1.5291054 0.30836841)
7200            (-2.4766784 -0.98938038 0.060185232) (-2.6137804 1.5623018 0.32116581)
7200            (-2.4868369 -0.99135755 0.054591869) (-2.4674457 1.5623732 0.33286805)
7200            (-2.4747899 -1.0009604 0.050086305) (-2.4318201 1.5259562 0.32695759)
7200            (-2.460332 -1.0089609 0.053815199) (-2.5559701 1.5068552 0.31176807)
7200            (-2.4661454 -1.0022401 0.058815941) (-2.6645157 1.5327844 0.30917318)
7200            (-2.4786727 -0.98795629 0.060283876) (-2.600176 1.5644787 0.32294804)
7200            (-2.4877123 -0.99133488 0.054137925) (-2.4555314 1.5601651 0.33333469)
7200            (-2.4735597 -1.0005482 0.050241623) (-2.4372763 1.5222838 0.32561539)
7200            (-2.4608368 -1.0088964 0.054174844) (-2.5703252 1.5074719 0.31062289)
7200            (-2.4677414 -1.002682 0.058773597) (-2.6670383 1.5361913 0.30978198)
7200            (-2.4800221 -0.99010201 0.059645362) (-2.5874312 1.5660711 0.32432046)
7200            (-2.4874007 -0.99383751 0.053428511) (-2.4465623 1.5575779 0.3334423)
7200            (-2.4717238 -1.0024063 0.050537239) (-2.4450581 1.5191743 0.32430604)
7200            (-2.46095 -1.0084844 0.055012245) (-2.5839337 1.5089385 0.30992732)
7200            (-2.4689513 -0.99882653 0.05948688) (-2.6663505 1.5397828 0.31090062)
10800           (-2.4855628 -0.98045386 0.063953029) (-2.5385326 1.5854834 0.3302228)
10800           (-2.4884414 -0.97613726 0.056397593) (-2.3961848 1.5717182 0.34356354)
10800           (-2.4648957 -0.99117476 0.053553717) (-2.433631 1.5194234 0.33472694)
10800           (-2.4661343 -1.0118668 0.052812396) (-2.6125867 1.5104893 0.31705077)
10800           (-2.4873768 -0.99361863 0.053998092) (-2.6315149 1.5431093 0.32037113)
10800           (-2.4936396 -0.9707386 0.056549891) (-2.4304839 1.5320689 0.33212036)
10800           (-2.4655086 -0.96866317 0.055155915) (-2.3283848 1.4911642 0.3279517)
10800           (-2.4200809 -0.96926444 0.057922195) (-2.4446021 1.4550086 0.30705614)
10800           (-2.4057138 -0.96044701 0.061932687) (-2.6598372 1.4524705 0.28814999)
10800           (-2.4168762 -0.93177159 0.065034292) (-2.7633651 1.4822284 0.28795181)
10800           (-2.4390544 -0.91881159 0.065356639) (-2.6768428 1.5029688 0.30148861)
10800           (-2.4636982 -0.94075118 0.057485219) (-2.5702309 1.4839957 0.30679968)
10800           (-2.467936 -0.96131853 0.053258596) (-2.6258954 1.4492922 0.29603162)
10800           (-2.4734314 -0.9661597 0.055521986) (-2.7860053 1.4492506 0.2851476)
10800           (-2.4863838 -0.94917952 0.05878398) (-2.8346971 1.4792227 0.29030014)
10800           (-2.4987895 -0.93878332 0.058557424) (-2.7018185 1.5029963 0.30633774)
10800           (-2.5001355 -0.95146128 0.053316901) (-2.5704793 1.4865181 0.31009762)
10800           (-2.4820532 -0.95924494 0.053587612) (-2.6237121 1.4543615 0.29601486)
10800           (-2.4752482 -0.95203823 0.058740141) (-2.7789179 1.4575105 0.28267214)
10800           (-2.487114 -0.93274151 0.060965218) (-2.8160396 1.4833687 0.28554511)
10800           (-2.5002775 -0.92748675 0.057614453) (-2.7013338 1.495645 0.29754164)
10800           (-2.4949911 -0.93892181 0.053903663) (-2.6185865 1.474587 0.29857811)
10800           (-2.4779282 -0.94772698 0.056210724) (-2.6954707 1.4529069 0.28720205)
10800           (-2.4747302 -0.94203703 0.060646608) (-2.8139346 1.4643967 0.2807294)
10800           (-2.4858483 -0.92964342 0.061294995) (-2.7968085 1.4888586 0.2885588)
10800           (-2.4971478 -0.93252194 0.056619685) (-2.6738163 1.4912166 0.29874538)
10800           (-2.4892454 -0.9424528 0.053928813) (-2.6332651 1.4643254 0.2954928)
10800           (-2.4754194 -0.94546974 0.057476017) (-2.7378965 1.4512166 0.28432992)
10800           (-2.4754263 -0.93444718 0.061533742) (-2.8270787 1.4705474 0.28237532)
10800           (-2.486272 -0.92520077 0.060754294) (-2.7644602 1.4940052 0.29308904)
10800           (-2.4940507 -0.93412568 0.055236967) (-2.6409354 1.487271 0.30025992)
10800           (-2.4830097 -0.9453312 0.053823556) (-2.6432662 1.4570809 0.29269467)
10800           (-2.4731288 -0.94656341 0.058232609) (-2.771128 1.4515264 0.28149111)
10800           (-2.4774575 -0.93290456 0.061713671) (-2.8354083 1.4753724 0.28280097)
10800           (-2.4889962 -0.92570298 0.059892261) (-2.742744 1.4956804 0.29505774)
10800           (-2.4926717 -0.93603021 0.054668728) (-2.6289761 1.4820283 0.29981467)
10800           (-2.4793383 -0.9453929 0.054815299) (-2.6638199 1.4533138 0.29010028)
10800           (-2.4726241 -0.94265915 0.059474224) (-2.7941844 1.4551109 0.28044067)
10800           (-2.4796669 -0.9278089 0.061938105) (-2.8264176 1.4806308 0.28464156)
10800           (-2.4917968 -0.9255489 0.058643732) (-2.7154752 1.4950214 0.29663891)
10800           (-2.4915393 -0.93797582 0.053855683) (-2.6261839 1.474997 0.29800653)
10800           (-2.478016 -0.94692168 0.05541438) (-2.693223 1.4507489 0.28686726)
10800           (-2.4752083 -0.94221492 0.059947107) (-2.8158437 1.4596459 0.27961361)
10800           (-2.4842804 -0.92848424 0.06136461) (-2.8130332 1.4857237 0.2866596)
10800           (-2.4951828 -0.92988617 0.057355847) (-2.6901865 1.4935847 0.29775793)
10800           (-2.4900816 -0.94106073 0.0539355) (-2.6294207 1.4688141 0.29599936)
10800           (-2.4765677 -0.94597367 0.056913312) (-2.7214014 1.4506471 0.28439534)
10800           (-2.4763235 -0.93648567 0.061152786) (-2.8263961 1.4654451 0.28002537)
10800           (-2.4865765 -0.92436387 0.061227173) (-2.7898285 1.4899169 0.28921241)
10800           (-2.4957162 -0.93046279 0.056273847) (-2.6667056 1.48982 0.29817093)
10800           (-2.4874492 -0.94235315 0.053927208) (-2.6417296 1.4620279 0.29308137)
10800           (-2.4766105 -0.94603676 0.057649913) (-2.7537558 1.4509986 0.28166477)
10800           (-2.4798433 -0.93519104 0.061258875) (-2.8354817 1.4706844 0.28051826)
10800           (-2.4909259 -0.92635664 0.060181383) (-2.7680519 1.4927863 0.29147013)
10800           (-2.4966635 -0.93461318 0.055297605) (-2.6505031 1.4855278 0.29813386)
10800           (-2.4851045 -0.94434162 0.054672051) (-2.658057 1.4575136 0.29059808)
10800           (-2.4762829 -0.94340081 0.059043015) (-2.7781147 1.4538422 0.2803717)
10800           (-2.4812775 -0.9295872 0.061937114) (-2.8305716 1.4765658 0.28228877)
10800           (-2.4925842 -0.92445423 0.05948623) (-2.7395466 1.4940319 0.29365262)
10800           (-2.4948934 -0.93520716 0.054564845) (-2.6395735 1.4793993 0.29713802)
10800           (-2.482416 -0.94464801 0.055172923) (-2.6816079 1.4533794 0.28743396)
10800           (-2.4774666 -0.94209567 0.059557353) (-2.803127 1.4567774 0.27893999)
10800           (-2.4848817 -0.92896319 0.061469147) (-2.8250356 1.4813182 0.28376519)
10800           (-2.4957485 -0.927809 0.058161104) (-2.7167534 1.4937465 0.29504966)
10800           (-2.4938475 -0.93871329 0.054222697) (-2.6378697 1.4737314 0.29571056)
10800           (-2.4806608 -0.9450788 0.056356) (-2.7061686 1.452042 0.28505611)
10800           (-2.4781556 -0.93791709 0.060707049) (-2.8172765 1.4616665 0.27896332)
10800           (-2.4865309 -0.92453778 0.06158554) (-2.8071465 1.4860655 0.28617019)
10800           (-2.496177 -0.92731734 0.057296843) (-2.6912982 1.4917215 0.2960947)
10800           (-2.4908995 -0.93888235 0.054112049) (-2.6420593 1.4672407 0.29346759)
10800           (-2.4793103 -0.94433683 0.057053171) (-2.7344992 1.4510847 0.28226993)
10800           (-2.4804618 -0.93593663 0.060865403) (-2.8307566 1.4659191 0.27874553)
10800           (-2.4902217 -0.92532678 0.060630296) (-2.7915895 1.489203 0.28787867)
10800           (-2.4977568 -0.93108792 0.056148952) (-2.6748564 1.488585 0.29622237)
10800           (-2.4890965 -0.94144767 0.054499772) (-2.6539251 1.4623892 0.29115778)
10800           (-2.47885 -0.94305785 0.058338925) (-2.7590662 1.4527033 0.28059277)
10800           (-2.4817583 -0.93107223 0.061654924) (-2.8319146 1.4714361 0.27992333)
10800           (-2.4917521 -0.92261075 0.060277069) (-2.7667969 1.4916876 0.29013596)
10800           (-2.4966083 -0.9309196 0.055484687) (-2.659198 1.483942 0.29586549)
10800           (-2.4862043 -0.94101557 0.054907668) (-2.6705995 1.4575303 0.28827077)
10800           (-2.4791218 -0.94124096 0.05892316) (-2.7844413 1.4543122 0.27868505)
10800           (-2.4847244 -0.92945743 0.061351521) (-2.8329711 1.4757596 0.28066575)
10800           (-2.4950212 -0.92490572 0.059036708) (-2.7477469 1.49242 0.29137515)
10800           (-2.4965963 -0.93449724 0.054833976) (-2.6538058 1.4791141 0.2947636)
10800           (-2.4847388 -0.94242255 0.05580736) (-2.6913207 1.4550925 0.28582179)
10800           (-2.4797818 -0.93843895 0.060062006) (-2.8020356 1.4580702 0.27810764)
10800           (-2.486268 -0.92505493 0.061709546) (-2.822076 1.4807344 0.28258325)
10800           (-2.4958097 -0.9236007 0.058452359) (-2.7230165 1.4921126 0.29280245)
10800           (-2.4942228 -0.93412579 0.05464044) (-2.6509063 1.4733584 0.2931641)
10800           (-2.4828267 -0.94123481 0.056465048) (-2.7147859 1.4528604 0.2830314)
10800           (-2.4813521 -0.93604471 0.060343102) (-2.819198 1.4612246 0.27722756)
10800           (-2.4895194 -0.92462232 0.060964228) (-2.8132721 1.4840667 0.28375525)
10800           (-2.4980697 -0.92677729 0.057252256) (-2.7070121 1.4903448 0.29313253)
10800           (-2.4932845 -0.93707772 0.054639526) (-2.6573444 1.4685552 0.29116009)
10800           (-2.4823331 -0.94124918 0.057577017) (-2.7378572 1.4530873 0.28109289)
10800           (-2.4826748 -0.93230075 0.061192526) (-2.8263177 1.4659774 0.27770591)
10800           (-2.4909783 -0.92136527 0.060923622) (-2.7942982 1.4874813 0.28578231)
10800           (-2.4976682 -0.92601328 0.056719547) (-2.6884313 1.4875071 0.29339057)
10800           (-2.4905918 -0.9362013 0.054916926) (-2.6663461 1.463454 0.2887489)
10800           (-2.4818167 -0.93923775 0.058204094) (-2.7616317 1.4532464 0.27882296)
14400           (-2.4871037 -0.92746805 0.063135193) (-2.8198549 1.474192 0.27943065)
14400           (-2.4955263 -0.91545911 0.061551632) (-2.7632426 1.4903099 0.2909857)
14400           (-2.4969091 -0.92404643 0.05714897) (-2.6696871 1.4796817 0.29842363)
14400           (-2.4889191 -0.93678432 0.054347695) (-2.6851538 1.4497343 0.28951536)
14400           (-2.4827144 -0.93188784 0.0568403) (-2.7811898 1.4438554 0.2785379)
14400           (-2.4830485 -0.91229686 0.061006203) (-2.8074752 1.4528191 0.27885318)
14400           (-2.4818236 -0.90341618 0.061450461) (-2.7463536 1.4608103 0.2865764)
14400           (-2.4770355 -0.91141588 0.058001939) (-2.6923156 1.4492408 0.28714673)
